1.00 0.00 -0.00 0.00 -0.00 0.00 -0.00 0.00 -0.00 0.00 -0.00
0.00 16.08 -4.31 1.15 -0.31 0.08 -0.02 0.01 -0.00 0.00 -0.00
0.00 -4.31 17.23 -4.62 1.24 -0.33 0.09 -0.02 0.01 -0.00 -0.00
0.00 1.15 -4.62 17.31 -4.64 1.24 -0.33 0.09 -0.02 0.01 -0.00
0.00 -0.31 1.24 -4.64 17.32 -4.64 1.24 -0.33 0.09 -0.02 -0.00
0.00 0.08 -0.33 1.24 -4.64 17.32 -4.64 1.24 -0.33 0.08 -0.00
0.00 -0.02 0.09 -0.33 1.24 -4.64 17.32 -4.64 1.24 -0.31 -0.00
0.00 0.01 -0.02 0.09 -0.33 1.24 -4.64 17.31 -4.62 1.15 -0.00
0.00 -0.00 0.01 -0.02 0.09 -0.33 1.24 -4.62 17.23 -4.31 -0.00
0.00 0.00 -0.00 0.01 -0.02 0.08 -0.31 1.15 -4.31 16.08 -0.00
0.00 0.00 0.00 0.00 0.00 0.00 0.00 0.00 0.00 0.00 1.00
