34.64 -9.28 2.49 -0.67 0.18 -0.05 0.01 -0.00 0.00 -0.00 0.00
-9.28 18.56 -4.97 1.33 -0.36 0.10 -0.03 0.01 -0.00 0.00 -0.00
2.49 -4.97 17.41 -4.66 1.25 -0.33 0.09 -0.02 0.01 -0.00 0.00
-0.67 1.33 -4.66 17.33 -4.64 1.24 -0.33 0.09 -0.02 0.01 -0.00
0.18 -0.36 1.25 -4.64 17.32 -4.64 1.24 -0.33 0.09 -0.03 0.01
-0.05 0.10 -0.33 1.24 -4.64 17.32 -4.64 1.24 -0.33 0.10 -0.05
0.01 -0.03 0.09 -0.33 1.24 -4.64 17.32 -4.64 1.25 -0.36 0.18
-0.00 0.01 -0.02 0.09 -0.33 1.24 -4.64 17.33 -4.66 1.33 -0.67
0.00 -0.00 0.01 -0.02 0.09 -0.33 1.25 -4.66 17.41 -4.97 2.49
-0.00 0.00 -0.00 0.01 -0.03 0.10 -0.36 1.33 -4.97 18.56 -9.28
0.00 -0.00 0.00 -0.00 0.01 -0.05 0.18 -0.67 2.49 -9.28 34.64
