1.00 0.00 0.00 0.00 0.00 0.00 0.00 0.00 0.00 0.00 0.00
0.00 18.56 -4.97 1.33 -0.36 0.10 -0.03 0.01 -0.00 0.00 0.00
0.00 -4.97 17.41 -4.66 1.25 -0.33 0.09 -0.02 0.01 -0.00 0.00
0.00 1.33 -4.66 17.33 -4.64 1.24 -0.33 0.09 -0.02 0.01 0.00
0.00 -0.36 1.25 -4.64 17.32 -4.64 1.24 -0.33 0.09 -0.03 0.00
0.00 0.10 -0.33 1.24 -4.64 17.32 -4.64 1.24 -0.33 0.10 0.00
0.00 -0.03 0.09 -0.33 1.24 -4.64 17.32 -4.64 1.25 -0.36 0.00
0.00 0.01 -0.02 0.09 -0.33 1.24 -4.64 17.33 -4.66 1.33 0.00
0.00 -0.00 0.01 -0.02 0.09 -0.33 1.25 -4.66 17.41 -4.97 0.00
0.00 0.00 -0.00 0.01 -0.03 0.10 -0.36 1.33 -4.97 18.56 0.00
0.00 0.00 0.00 0.00 0.00 0.00 0.00 0.00 0.00 0.00 1.00
